6 8
1 2 3 4 5 6 15 7 9 10 11 12 13 14 23 8 17 18 19 20 21 22 31 16 25 26 27 28 29 30 39 24 33 34 35 36 37 38 0 32 41 42 43 44 45 46 47 40 
6 8
1 2 3 4 5 6 15 7 9 10 11 12 13 14 23 8 17 18 19 20 21 22 31 16 25 26 27 28 29 0 30 24 33 34 35 36 37 38 39 32 41 42 43 44 45 46 47 40 
6 8
1 2 3 4 5 6 15 7 9 10 11 12 13 14 23 8 17 18 19 20 21 22 31 16 25 26 27 28 29 30 24 0 33 34 35 36 37 38 39 32 41 42 43 44 45 46 47 40 
6 8
1 2 3 4 5 6 15 7 9 10 11 12 13 0 23 8 17 18 19 20 21 14 22 16 25 26 27 28 29 30 31 24 33 34 35 36 37 38 39 32 41 42 43 44 45 46 47 40 
6 8
1 2 3 4 5 6 15 7 9 10 11 12 13 14 23 8 17 18 19 20 21 30 22 16 25 26 27 28 29 0 31 24 33 34 35 36 37 38 39 32 41 42 43 44 45 46 47 40 
6 8
1 2 3 4 5 6 15 7 9 10 11 12 13 14 23 8 17 18 19 20 0 21 22 16 25 26 27 28 29 30 31 24 33 34 35 36 37 38 39 32 41 42 43 44 45 46 47 40 
6 8
1 2 3 4 5 6 15 7 9 10 11 12 13 14 23 0 17 18 19 20 21 22 16 8 25 26 27 28 29 30 31 24 33 34 35 36 37 38 39 32 41 42 43 44 45 46 47 40 
6 8
1 2 3 4 5 6 15 7 9 10 11 12 13 14 23 8 17 18 19 20 21 22 16 24 25 26 27 28 29 30 31 0 33 34 35 36 37 38 39 32 41 42 43 44 45 46 47 40 
6 8
1 2 3 4 0 5 15 7 9 10 11 12 13 6 14 8 17 18 19 20 21 22 23 16 25 26 27 28 29 30 31 24 33 34 35 36 37 38 39 32 41 42 43 44 45 46 47 40 
6 8
1 2 3 4 5 15 0 7 9 10 11 12 13 6 14 8 17 18 19 20 21 22 23 16 25 26 27 28 29 30 31 24 33 34 35 36 37 38 39 32 41 42 43 44 45 46 47 40 
