6 8
1 2 3 4 5 6 7 0 9 10 11 12 13 14 15 8 17 18 19 20 21 22 23 16 25 26 27 28 29 30 31 24 33 34 35 36 37 38 39 32 41 42 43 44 45 46 47 40 
6 8
1 2 3 4 5 6 7 8 9 10 11 12 13 14 0 15 17 18 19 20 21 22 23 16 25 26 27 28 29 30 31 24 33 34 35 36 37 38 39 32 41 42 43 44 45 46 47 40 
6 8
1 2 3 4 5 6 7 8 9 10 11 12 13 14 0 16 17 18 19 20 21 22 15 23 25 26 27 28 29 30 31 24 33 34 35 36 37 38 39 32 41 42 43 44 45 46 47 40 
6 8
1 2 3 4 5 6 7 8 9 10 11 12 13 14 15 16 17 18 19 20 21 22 31 23 25 26 27 28 29 30 0 24 33 34 35 36 37 38 39 32 41 42 43 44 45 46 47 40 
6 8
1 2 3 4 5 6 7 8 9 10 11 12 13 14 15 16 17 18 19 20 21 0 22 23 25 26 27 28 29 30 31 24 33 34 35 36 37 38 39 32 41 42 43 44 45 46 47 40 
6 8
1 2 3 4 5 6 7 8 9 10 11 12 13 14 0 16 17 18 19 20 21 22 15 24 25 26 27 28 29 30 23 31 33 34 35 36 37 38 39 32 41 42 43 44 45 46 47 40 
6 8
1 2 3 4 5 6 7 8 9 10 11 12 13 14 15 16 17 18 19 20 21 0 22 24 25 26 27 28 29 30 23 31 33 34 35 36 37 38 39 32 41 42 43 44 45 46 47 40 
6 8
1 2 3 4 5 6 7 8 9 10 11 12 13 14 15 16 17 18 19 20 21 22 24 0 25 26 27 28 29 30 23 31 33 34 35 36 37 38 39 32 41 42 43 44 45 46 47 40 
6 8
1 2 3 4 5 6 7 8 9 10 11 12 13 14 15 16 17 18 19 20 21 22 23 24 25 26 27 28 29 30 39 31 33 34 35 36 37 38 47 32 41 42 43 44 45 46 0 40 
6 8
1 2 3 4 5 6 7 8 9 10 11 12 13 14 15 16 17 18 19 20 21 22 23 24 25 26 27 28 29 30 39 31 33 34 35 36 37 0 38 32 41 42 43 44 45 46 47 40 
6 8
1 2 3 4 5 6 7 8 9 10 11 12 13 14 15 16 17 18 19 20 21 22 23 24 25 26 27 28 29 30 39 31 33 34 35 36 37 38 32 0 41 42 43 44 45 46 47 40 
6 8
1 2 3 4 5 6 7 8 9 10 11 12 13 14 15 16 17 18 19 20 21 0 23 24 25 26 27 28 29 22 30 31 33 34 35 36 37 38 39 32 41 42 43 44 45 46 47 40 
6 8
1 2 3 4 5 6 7 8 9 10 11 12 13 14 15 16 17 18 19 20 21 22 23 24 25 26 27 28 29 38 30 31 33 34 35 36 37 0 39 32 41 42 43 44 45 46 47 40 
6 8
1 2 3 4 5 6 7 8 9 10 11 12 13 14 15 16 17 18 19 20 21 22 23 24 25 26 27 28 0 29 30 31 33 34 35 36 37 38 39 32 41 42 43 44 45 46 47 40 
6 8
1 2 3 4 5 6 7 8 9 10 11 12 13 14 0 16 17 18 19 20 21 22 15 24 25 26 27 28 29 30 23 32 33 34 35 36 37 38 31 39 41 42 43 44 45 46 47 40 
6 8
1 2 3 4 5 6 7 8 9 10 11 12 13 14 15 16 17 18 19 20 21 0 22 24 25 26 27 28 29 30 23 32 33 34 35 36 37 38 31 39 41 42 43 44 45 46 47 40 
6 8
1 2 3 4 5 6 7 8 9 10 11 12 13 14 15 16 17 18 19 20 21 22 24 0 25 26 27 28 29 30 23 32 33 34 35 36 37 38 31 39 41 42 43 44 45 46 47 40 
6 8
1 2 3 4 5 6 7 8 9 10 11 12 13 14 15 16 17 18 19 20 21 0 23 24 25 26 27 28 29 22 30 32 33 34 35 36 37 38 31 39 41 42 43 44 45 46 47 40 
6 8
1 2 3 4 5 6 7 8 9 10 11 12 13 14 15 16 17 18 19 20 21 22 23 24 25 26 27 28 29 38 30 32 33 34 35 36 37 0 31 39 41 42 43 44 45 46 47 40 
6 8
1 2 3 4 5 6 7 8 9 10 11 12 13 14 15 16 17 18 19 20 21 22 23 24 25 26 27 28 0 29 30 32 33 34 35 36 37 38 31 39 41 42 43 44 45 46 47 40 
6 8
1 2 3 4 5 6 7 8 9 10 11 12 13 14 15 16 17 18 19 20 21 22 23 0 25 26 27 28 29 30 32 24 33 34 35 36 37 38 31 39 41 42 43 44 45 46 47 40 
6 8
1 2 3 4 5 6 7 8 9 10 11 12 13 14 15 16 17 18 19 20 21 22 23 24 25 26 27 28 29 30 32 39 33 34 35 36 37 38 31 0 41 42 43 44 45 46 47 40 
6 8
1 2 3 4 5 6 7 8 9 10 11 12 13 14 15 16 17 18 19 20 21 22 23 24 25 26 27 28 29 30 31 32 33 34 35 36 37 0 47 39 41 42 43 44 45 38 46 40 
6 8
1 2 3 4 5 6 7 8 9 10 11 12 13 14 15 16 17 18 19 20 21 22 23 24 25 26 27 28 29 30 31 32 33 34 35 36 37 38 47 39 41 42 43 44 0 45 46 40 
6 8
1 2 3 4 5 6 7 8 9 10 11 12 13 14 15 16 17 18 19 20 21 22 23 24 25 26 27 28 29 30 31 32 33 34 35 36 37 38 47 0 41 42 43 44 45 46 40 39 
6 8
1 2 3 4 5 6 7 8 9 10 11 12 13 14 15 16 17 18 19 20 21 0 23 24 25 26 27 28 29 22 31 32 33 34 35 36 37 30 38 39 41 42 43 44 45 46 47 40 
6 8
1 2 3 4 5 6 7 8 9 10 11 12 13 14 15 16 17 18 19 20 21 22 23 24 25 26 27 28 0 29 31 32 33 34 35 36 37 30 38 39 41 42 43 44 45 46 47 40 
6 8
1 2 3 4 5 6 7 8 9 10 11 12 13 14 15 16 17 18 19 20 21 22 23 24 25 26 27 28 29 31 0 32 33 34 35 36 37 30 38 39 41 42 43 44 45 46 47 40 
6 8
1 2 3 4 5 6 7 8 9 10 11 12 13 14 15 16 17 18 19 20 21 22 23 24 25 26 27 28 29 30 31 32 33 34 35 36 37 46 38 39 41 42 43 44 0 45 47 40 
6 8
1 2 3 4 5 6 7 8 9 10 11 12 13 14 15 16 17 18 19 20 21 22 23 24 25 26 27 28 29 30 31 32 33 34 35 36 37 46 38 39 41 42 43 44 45 47 0 40 
6 8
1 2 3 4 5 6 7 8 9 10 11 12 13 14 15 16 17 18 19 20 21 22 23 24 25 26 27 28 0 30 31 32 33 34 35 36 29 37 38 39 41 42 43 44 45 46 47 40 
6 8
1 2 3 4 5 6 7 8 9 10 11 12 13 14 15 16 17 18 19 20 21 22 23 24 25 26 27 28 29 30 31 32 33 34 35 36 45 37 38 39 41 42 43 44 0 46 47 40 
6 8
1 2 3 4 5 6 7 8 9 10 11 12 13 14 15 16 17 18 19 20 21 22 23 24 25 26 27 28 29 30 31 32 33 34 35 0 36 37 38 39 41 42 43 44 45 46 47 40 
6 8
1 2 3 4 5 6 7 8 9 10 11 12 13 14 0 16 17 18 19 20 21 22 15 24 25 26 27 28 29 30 23 32 33 34 35 36 37 38 31 40 41 42 43 44 45 46 39 47 
6 8
1 2 3 4 5 6 7 8 9 10 11 12 13 14 15 16 17 18 19 20 21 0 22 24 25 26 27 28 29 30 23 32 33 34 35 36 37 38 31 40 41 42 43 44 45 46 39 47 
6 8
1 2 3 4 5 6 7 8 9 10 11 12 13 14 15 16 17 18 19 20 21 22 24 0 25 26 27 28 29 30 23 32 33 34 35 36 37 38 31 40 41 42 43 44 45 46 39 47 
6 8
1 2 3 4 5 6 7 8 9 10 11 12 13 14 15 16 17 18 19 20 21 0 23 24 25 26 27 28 29 22 30 32 33 34 35 36 37 38 31 40 41 42 43 44 45 46 39 47 
6 8
1 2 3 4 5 6 7 8 9 10 11 12 13 14 15 16 17 18 19 20 21 22 23 24 25 26 27 28 29 38 30 32 33 34 35 36 37 0 31 40 41 42 43 44 45 46 39 47 
6 8
1 2 3 4 5 6 7 8 9 10 11 12 13 14 15 16 17 18 19 20 21 22 23 24 25 26 27 28 0 29 30 32 33 34 35 36 37 38 31 40 41 42 43 44 45 46 39 47 
6 8
1 2 3 4 5 6 7 8 9 10 11 12 13 14 15 16 17 18 19 20 21 22 23 0 25 26 27 28 29 30 32 24 33 34 35 36 37 38 31 40 41 42 43 44 45 46 39 47 
6 8
1 2 3 4 5 6 7 8 9 10 11 12 13 14 15 16 17 18 19 20 21 22 23 24 25 26 27 28 29 30 32 40 33 34 35 36 37 38 31 0 41 42 43 44 45 46 39 47 
6 8
1 2 3 4 5 6 7 8 9 10 11 12 13 14 15 16 17 18 19 20 21 0 23 24 25 26 27 28 29 22 31 32 33 34 35 36 37 30 38 40 41 42 43 44 45 46 39 47 
6 8
1 2 3 4 5 6 7 8 9 10 11 12 13 14 15 16 17 18 19 20 21 22 23 24 25 26 27 28 0 29 31 32 33 34 35 36 37 30 38 40 41 42 43 44 45 46 39 47 
6 8
1 2 3 4 5 6 7 8 9 10 11 12 13 14 15 16 17 18 19 20 21 22 23 24 25 26 27 28 29 31 0 32 33 34 35 36 37 30 38 40 41 42 43 44 45 46 39 47 
6 8
1 2 3 4 5 6 7 8 9 10 11 12 13 14 15 16 17 18 19 20 21 22 23 24 25 26 27 28 29 30 31 32 33 34 35 36 37 46 38 40 41 42 43 44 0 45 39 47 
6 8
1 2 3 4 5 6 7 8 9 10 11 12 13 14 15 16 17 18 19 20 21 22 23 24 25 26 27 28 29 30 31 32 33 34 35 36 37 46 38 40 41 42 43 44 45 39 0 47 
6 8
1 2 3 4 5 6 7 8 9 10 11 12 13 14 15 16 17 18 19 20 21 22 23 24 25 26 27 28 0 30 31 32 33 34 35 36 29 37 38 40 41 42 43 44 45 46 39 47 
6 8
1 2 3 4 5 6 7 8 9 10 11 12 13 14 15 16 17 18 19 20 21 22 23 24 25 26 27 28 29 30 31 32 33 34 35 36 45 37 38 40 41 42 43 44 0 46 39 47 
6 8
1 2 3 4 5 6 7 8 9 10 11 12 13 14 15 16 17 18 19 20 21 22 23 24 25 26 27 28 29 30 31 32 33 34 35 0 36 37 38 40 41 42 43 44 45 46 39 47 
6 8
1 2 3 4 5 6 7 8 9 10 11 12 13 14 15 16 17 18 19 20 21 22 23 0 25 26 27 28 29 30 31 24 33 34 35 36 37 38 40 32 41 42 43 44 45 46 39 47 
6 8
1 2 3 4 5 6 7 8 9 10 11 12 13 14 15 16 17 18 19 20 21 22 23 24 25 26 27 28 29 30 0 31 33 34 35 36 37 38 40 32 41 42 43 44 45 46 39 47 
6 8
1 2 3 4 5 6 7 8 9 10 11 12 13 14 15 16 17 18 19 20 21 22 23 24 25 26 27 28 29 30 31 32 33 34 35 36 37 38 40 47 41 42 43 44 45 46 0 39 
6 8
1 2 3 4 5 6 7 8 9 10 11 12 13 14 15 16 17 18 19 20 21 0 23 24 25 26 27 28 29 22 31 32 33 34 35 36 37 30 39 40 41 42 43 44 45 38 46 47 
6 8
1 2 3 4 5 6 7 8 9 10 11 12 13 14 15 16 17 18 19 20 21 22 23 24 25 26 27 28 0 29 31 32 33 34 35 36 37 30 39 40 41 42 43 44 45 38 46 47 
6 8
1 2 3 4 5 6 7 8 9 10 11 12 13 14 15 16 17 18 19 20 21 22 23 24 25 26 27 28 29 31 0 32 33 34 35 36 37 30 39 40 41 42 43 44 45 38 46 47 
6 8
1 2 3 4 5 6 7 8 9 10 11 12 13 14 15 16 17 18 19 20 21 22 23 24 25 26 27 28 0 30 31 32 33 34 35 36 29 37 39 40 41 42 43 44 45 38 46 47 
6 8
1 2 3 4 5 6 7 8 9 10 11 12 13 14 15 16 17 18 19 20 21 22 23 24 25 26 27 28 29 30 31 32 33 34 35 36 45 37 39 40 41 42 43 44 0 38 46 47 
6 8
1 2 3 4 5 6 7 8 9 10 11 12 13 14 15 16 17 18 19 20 21 22 23 24 25 26 27 28 29 30 31 32 33 34 35 0 36 37 39 40 41 42 43 44 45 38 46 47 
6 8
1 2 3 4 5 6 7 8 9 10 11 12 13 14 15 16 17 18 19 20 21 22 23 24 25 26 27 28 29 30 0 32 33 34 35 36 37 39 31 40 41 42 43 44 45 38 46 47 
6 8
1 2 3 4 5 6 7 8 9 10 11 12 13 14 15 16 17 18 19 20 21 22 23 24 25 26 27 28 29 30 31 32 33 34 35 36 37 39 46 40 41 42 43 44 45 38 0 47 
6 8
1 2 3 4 5 6 7 8 9 10 11 12 13 14 15 16 17 18 19 20 21 22 23 24 25 26 27 28 29 30 31 32 33 34 35 36 37 39 40 0 41 42 43 44 45 38 46 47 
6 8
1 2 3 4 5 6 7 8 9 10 11 12 13 14 15 16 17 18 19 20 21 22 23 24 25 26 27 28 0 30 31 32 33 34 35 36 29 38 39 40 41 42 43 44 37 45 46 47 
6 8
1 2 3 4 5 6 7 8 9 10 11 12 13 14 15 16 17 18 19 20 21 22 23 24 25 26 27 28 29 30 31 32 33 34 35 0 36 38 39 40 41 42 43 44 37 45 46 47 
6 8
1 2 3 4 5 6 7 8 9 10 11 12 13 14 15 16 17 18 19 20 21 22 23 24 25 26 27 28 29 30 31 32 33 34 35 36 38 0 39 40 41 42 43 44 37 45 46 47 
6 8
1 2 3 4 5 6 7 8 9 10 11 12 13 14 15 16 17 18 19 20 21 22 23 24 25 26 27 28 29 30 31 32 33 34 35 0 37 38 39 40 41 42 43 36 44 45 46 47 
6 8
1 2 3 4 5 6 7 8 9 10 11 12 13 14 15 16 17 18 19 20 21 22 23 24 25 26 27 28 29 30 31 32 33 34 35 36 37 38 39 40 41 42 0 43 44 45 46 47 
