6 8
1 2 3 4 5 6 15 7 9 10 11 12 13 14 23 8 17 18 19 20 21 22 31 16 25 26 27 28 29 0 39 24 33 34 35 36 37 30 47 32 41 42 43 44 45 38 46 40 
6 8
1 2 3 4 5 6 15 7 9 10 11 12 13 14 23 8 17 18 19 20 21 22 31 16 25 26 27 28 29 30 39 24 33 34 35 36 0 37 47 32 41 42 43 44 45 38 46 40 
6 8
1 2 3 4 5 6 15 7 9 10 11 12 13 14 23 8 17 18 19 20 21 22 31 16 25 26 27 28 29 30 39 24 33 34 35 36 37 47 0 32 41 42 43 44 45 38 46 40 
6 8
1 2 3 4 5 6 15 7 9 10 11 12 13 14 23 8 17 18 19 20 21 22 31 16 25 26 27 28 29 30 39 24 33 34 35 36 0 38 47 32 41 42 43 44 37 45 46 40 
6 8
1 2 3 4 5 6 15 7 9 10 11 12 13 14 23 8 17 18 19 20 21 22 31 16 25 26 27 28 29 30 39 24 33 34 35 36 37 38 47 32 41 42 43 0 44 45 46 40 
6 8
1 2 3 4 5 6 15 7 9 10 11 12 13 14 23 8 17 18 19 20 21 22 31 16 25 26 27 28 29 30 39 0 33 34 35 36 37 38 47 24 41 42 43 44 45 46 40 32 
6 8
1 2 3 4 5 6 15 7 9 10 11 12 13 14 23 8 17 18 19 20 21 22 31 16 25 26 27 28 29 30 39 24 33 34 35 36 37 38 0 47 41 42 43 44 45 46 40 32 
6 8
1 2 3 4 5 6 15 7 9 10 11 12 13 0 23 8 17 18 19 20 21 14 31 16 25 26 27 28 29 22 39 24 33 34 35 36 37 30 38 32 41 42 43 44 45 46 47 40 
6 8
1 2 3 4 5 6 15 7 9 10 11 12 13 14 23 8 17 18 19 20 0 21 31 16 25 26 27 28 29 22 39 24 33 34 35 36 37 30 38 32 41 42 43 44 45 46 47 40 
6 8
1 2 3 4 5 6 15 7 9 10 11 12 13 14 23 8 17 18 19 20 21 31 0 16 25 26 27 28 29 22 39 24 33 34 35 36 37 30 38 32 41 42 43 44 45 46 47 40 
