6 8
1 2 3 4 5 6 15 7 9 10 11 12 13 14 23 8 17 18 19 20 21 22 31 16 25 26 27 28 29 30 39 24 33 34 35 36 37 38 47 32 41 42 43 44 45 46 0 40 
6 8
1 2 3 4 5 6 15 7 9 10 11 12 13 14 23 8 17 18 19 20 21 22 31 16 25 26 27 28 29 30 39 24 33 34 35 36 37 0 38 32 41 42 43 44 45 46 47 40 
6 8
1 2 3 4 5 6 15 7 9 10 11 12 13 14 23 8 17 18 19 20 21 22 31 16 25 26 27 28 29 30 39 24 33 34 35 36 37 38 32 0 41 42 43 44 45 46 47 40 
6 8
1 2 3 4 5 6 15 7 9 10 11 12 13 14 23 8 17 18 19 20 21 0 31 16 25 26 27 28 29 22 30 24 33 34 35 36 37 38 39 32 41 42 43 44 45 46 47 40 
6 8
1 2 3 4 5 6 15 7 9 10 11 12 13 14 23 8 17 18 19 20 21 22 31 16 25 26 27 28 29 38 30 24 33 34 35 36 37 0 39 32 41 42 43 44 45 46 47 40 
6 8
1 2 3 4 5 6 15 7 9 10 11 12 13 14 23 8 17 18 19 20 21 22 31 16 25 26 27 28 0 29 30 24 33 34 35 36 37 38 39 32 41 42 43 44 45 46 47 40 
6 8
1 2 3 4 5 6 15 7 9 10 11 12 13 14 23 8 17 18 19 20 21 22 31 0 25 26 27 28 29 30 24 16 33 34 35 36 37 38 39 32 41 42 43 44 45 46 47 40 
6 8
1 2 3 4 5 6 15 7 9 10 11 12 13 14 23 8 17 18 19 20 21 22 31 16 25 26 27 28 29 30 24 32 33 34 35 36 37 38 39 0 41 42 43 44 45 46 47 40 
6 8
1 2 3 4 5 0 15 7 9 10 11 12 13 6 23 8 17 18 19 20 21 14 22 16 25 26 27 28 29 30 31 24 33 34 35 36 37 38 39 32 41 42 43 44 45 46 47 40 
6 8
1 2 3 4 5 6 15 7 9 10 11 12 0 13 23 8 17 18 19 20 21 14 22 16 25 26 27 28 29 30 31 24 33 34 35 36 37 38 39 32 41 42 43 44 45 46 47 40 
