6 8
1 2 3 4 5 6 15 7 9 10 11 12 13 14 0 8 17 18 19 20 21 22 23 16 25 26 27 28 29 30 31 24 33 34 35 36 37 38 39 32 41 42 43 44 45 46 47 40 
6 8
1 2 3 4 5 0 6 7 9 10 11 12 13 14 15 8 17 18 19 20 21 22 23 16 25 26 27 28 29 30 31 24 33 34 35 36 37 38 39 32 41 42 43 44 45 46 47 40 
6 8
1 2 3 4 5 0 6 8 9 10 11 12 13 14 7 15 17 18 19 20 21 22 23 16 25 26 27 28 29 30 31 24 33 34 35 36 37 38 39 32 41 42 43 44 45 46 47 40 
6 8
1 2 3 4 5 6 8 0 9 10 11 12 13 14 7 15 17 18 19 20 21 22 23 16 25 26 27 28 29 30 31 24 33 34 35 36 37 38 39 32 41 42 43 44 45 46 47 40 
6 8
1 2 3 4 5 6 7 8 9 10 11 12 13 14 23 15 17 18 19 20 21 22 31 16 25 26 27 28 29 30 0 24 33 34 35 36 37 38 39 32 41 42 43 44 45 46 47 40 
6 8
1 2 3 4 5 6 7 8 9 10 11 12 13 14 23 15 17 18 19 20 21 0 22 16 25 26 27 28 29 30 31 24 33 34 35 36 37 38 39 32 41 42 43 44 45 46 47 40 
6 8
1 2 3 4 5 6 7 8 9 10 11 12 13 14 23 15 17 18 19 20 21 22 16 0 25 26 27 28 29 30 31 24 33 34 35 36 37 38 39 32 41 42 43 44 45 46 47 40 
6 8
1 2 3 4 5 0 7 8 9 10 11 12 13 6 14 15 17 18 19 20 21 22 23 16 25 26 27 28 29 30 31 24 33 34 35 36 37 38 39 32 41 42 43 44 45 46 47 40 
6 8
1 2 3 4 5 6 7 8 9 10 11 12 13 22 14 15 17 18 19 20 21 0 23 16 25 26 27 28 29 30 31 24 33 34 35 36 37 38 39 32 41 42 43 44 45 46 47 40 
6 8
1 2 3 4 5 6 7 8 9 10 11 12 0 13 14 15 17 18 19 20 21 22 23 16 25 26 27 28 29 30 31 24 33 34 35 36 37 38 39 32 41 42 43 44 45 46 47 40 
