6 8
1 2 3 4 5 6 15 7 9 10 11 12 13 0 23 8 17 18 19 20 21 14 31 16 25 26 27 28 29 22 39 24 33 34 35 36 37 30 47 32 41 42 43 44 45 38 46 40 
6 8
1 2 3 4 5 6 15 7 9 10 11 12 13 14 23 8 17 18 19 20 0 21 31 16 25 26 27 28 29 22 39 24 33 34 35 36 37 30 47 32 41 42 43 44 45 38 46 40 
6 8
1 2 3 4 5 6 15 7 9 10 11 12 13 14 23 8 17 18 19 20 21 31 0 16 25 26 27 28 29 22 39 24 33 34 35 36 37 30 47 32 41 42 43 44 45 38 46 40 
6 8
1 2 3 4 5 6 15 7 9 10 11 12 13 14 23 8 17 18 19 20 0 22 31 16 25 26 27 28 21 29 39 24 33 34 35 36 37 30 47 32 41 42 43 44 45 38 46 40 
6 8
1 2 3 4 5 6 15 7 9 10 11 12 13 14 23 8 17 18 19 20 21 22 31 16 25 26 27 28 37 29 39 24 33 34 35 36 0 30 47 32 41 42 43 44 45 38 46 40 
6 8
1 2 3 4 5 6 15 7 9 10 11 12 13 14 23 8 17 18 19 20 21 22 31 16 25 26 27 0 28 29 39 24 33 34 35 36 37 30 47 32 41 42 43 44 45 38 46 40 
6 8
1 2 3 4 5 6 15 7 9 10 11 12 13 14 23 8 17 18 19 20 21 22 0 16 25 26 27 28 29 39 31 24 33 34 35 36 37 30 47 32 41 42 43 44 45 38 46 40 
6 8
1 2 3 4 5 6 15 7 9 10 11 12 13 14 23 8 17 18 19 20 21 22 31 16 25 26 27 28 29 39 47 24 33 34 35 36 37 30 0 32 41 42 43 44 45 38 46 40 
6 8
1 2 3 4 5 6 15 7 9 10 11 12 13 14 23 8 17 18 19 20 21 22 31 16 25 26 27 28 29 39 24 0 33 34 35 36 37 30 47 32 41 42 43 44 45 38 46 40 
6 8
1 2 3 4 5 6 15 7 9 10 11 12 13 14 23 8 17 18 19 20 0 22 31 16 25 26 27 28 21 30 39 24 33 34 35 36 29 37 47 32 41 42 43 44 45 38 46 40 
