6 8
1 2 3 4 5 6 7 8 9 10 11 12 13 14 15 0 17 18 19 20 21 22 23 16 25 26 27 28 29 30 31 24 33 34 35 36 37 38 39 32 41 42 43 44 45 46 47 40 
6 8
1 2 3 4 5 6 7 8 9 10 11 12 13 14 15 16 17 18 19 20 21 22 0 23 25 26 27 28 29 30 31 24 33 34 35 36 37 38 39 32 41 42 43 44 45 46 47 40 
6 8
1 2 3 4 5 6 7 8 9 10 11 12 13 14 15 16 17 18 19 20 21 22 0 24 25 26 27 28 29 30 23 31 33 34 35 36 37 38 39 32 41 42 43 44 45 46 47 40 
6 8
1 2 3 4 5 6 7 8 9 10 11 12 13 14 15 16 17 18 19 20 21 22 23 24 25 26 27 28 29 30 39 31 33 34 35 36 37 38 0 32 41 42 43 44 45 46 47 40 
6 8
1 2 3 4 5 6 7 8 9 10 11 12 13 14 15 16 17 18 19 20 21 22 23 24 25 26 27 28 29 0 30 31 33 34 35 36 37 38 39 32 41 42 43 44 45 46 47 40 
6 8
1 2 3 4 5 6 7 8 9 10 11 12 13 14 15 16 17 18 19 20 21 22 0 24 25 26 27 28 29 30 23 32 33 34 35 36 37 38 31 39 41 42 43 44 45 46 47 40 
6 8
1 2 3 4 5 6 7 8 9 10 11 12 13 14 15 16 17 18 19 20 21 22 23 24 25 26 27 28 29 0 30 32 33 34 35 36 37 38 31 39 41 42 43 44 45 46 47 40 
6 8
1 2 3 4 5 6 7 8 9 10 11 12 13 14 15 16 17 18 19 20 21 22 23 24 25 26 27 28 29 30 32 0 33 34 35 36 37 38 31 39 41 42 43 44 45 46 47 40 
6 8
1 2 3 4 5 6 7 8 9 10 11 12 13 14 15 16 17 18 19 20 21 22 23 24 25 26 27 28 29 30 31 32 33 34 35 36 37 38 47 39 41 42 43 44 45 0 46 40 
6 8
1 2 3 4 5 6 7 8 9 10 11 12 13 14 15 16 17 18 19 20 21 22 23 24 25 26 27 28 29 30 31 32 33 34 35 36 37 38 47 39 41 42 43 44 45 46 40 0 
6 8
1 2 3 4 5 6 7 8 9 10 11 12 13 14 15 16 17 18 19 20 21 22 23 24 25 26 27 28 29 0 31 32 33 34 35 36 37 30 38 39 41 42 43 44 45 46 47 40 
6 8
1 2 3 4 5 6 7 8 9 10 11 12 13 14 15 16 17 18 19 20 21 22 23 24 25 26 27 28 29 30 31 32 33 34 35 36 37 46 38 39 41 42 43 44 45 0 47 40 
6 8
1 2 3 4 5 6 7 8 9 10 11 12 13 14 15 16 17 18 19 20 21 22 23 24 25 26 27 28 29 30 31 32 33 34 35 36 0 37 38 39 41 42 43 44 45 46 47 40 
6 8
1 2 3 4 5 6 7 8 9 10 11 12 13 14 15 16 17 18 19 20 21 22 0 24 25 26 27 28 29 30 23 32 33 34 35 36 37 38 31 40 41 42 43 44 45 46 39 47 
6 8
1 2 3 4 5 6 7 8 9 10 11 12 13 14 15 16 17 18 19 20 21 22 23 24 25 26 27 28 29 0 30 32 33 34 35 36 37 38 31 40 41 42 43 44 45 46 39 47 
6 8
1 2 3 4 5 6 7 8 9 10 11 12 13 14 15 16 17 18 19 20 21 22 23 24 25 26 27 28 29 30 32 0 33 34 35 36 37 38 31 40 41 42 43 44 45 46 39 47 
6 8
1 2 3 4 5 6 7 8 9 10 11 12 13 14 15 16 17 18 19 20 21 22 23 24 25 26 27 28 29 0 31 32 33 34 35 36 37 30 38 40 41 42 43 44 45 46 39 47 
6 8
1 2 3 4 5 6 7 8 9 10 11 12 13 14 15 16 17 18 19 20 21 22 23 24 25 26 27 28 29 30 31 32 33 34 35 36 37 46 38 40 41 42 43 44 45 0 39 47 
6 8
1 2 3 4 5 6 7 8 9 10 11 12 13 14 15 16 17 18 19 20 21 22 23 24 25 26 27 28 29 30 31 32 33 34 35 36 0 37 38 40 41 42 43 44 45 46 39 47 
6 8
1 2 3 4 5 6 7 8 9 10 11 12 13 14 15 16 17 18 19 20 21 22 23 24 25 26 27 28 29 30 31 0 33 34 35 36 37 38 40 32 41 42 43 44 45 46 39 47 
6 8
1 2 3 4 5 6 7 8 9 10 11 12 13 14 15 16 17 18 19 20 21 22 23 24 25 26 27 28 29 30 31 32 33 34 35 36 37 38 40 47 41 42 43 44 45 46 39 0 
6 8
1 2 3 4 5 6 7 8 9 10 11 12 13 14 15 16 17 18 19 20 21 22 23 24 25 26 27 28 29 0 31 32 33 34 35 36 37 30 39 40 41 42 43 44 45 38 46 47 
6 8
1 2 3 4 5 6 7 8 9 10 11 12 13 14 15 16 17 18 19 20 21 22 23 24 25 26 27 28 29 30 31 32 33 34 35 36 0 37 39 40 41 42 43 44 45 38 46 47 
6 8
1 2 3 4 5 6 7 8 9 10 11 12 13 14 15 16 17 18 19 20 21 22 23 24 25 26 27 28 29 30 31 32 33 34 35 36 37 39 0 40 41 42 43 44 45 38 46 47 
6 8
1 2 3 4 5 6 7 8 9 10 11 12 13 14 15 16 17 18 19 20 21 22 23 24 25 26 27 28 29 30 31 32 33 34 35 36 0 38 39 40 41 42 43 44 37 45 46 47 
6 8
1 2 3 4 5 6 7 8 9 10 11 12 13 14 15 16 17 18 19 20 21 22 23 24 25 26 27 28 29 30 31 32 33 34 35 36 37 38 39 40 41 42 43 0 44 45 46 47 
