6 8
1 2 3 4 5 6 15 7 9 10 11 12 13 14 23 8 17 18 19 20 21 0 31 16 25 26 27 28 29 22 39 24 33 34 35 36 37 30 47 32 41 42 43 44 45 38 46 40 
6 8
1 2 3 4 5 6 15 7 9 10 11 12 13 14 23 8 17 18 19 20 21 22 31 16 25 26 27 28 0 29 39 24 33 34 35 36 37 30 47 32 41 42 43 44 45 38 46 40 
6 8
1 2 3 4 5 6 15 7 9 10 11 12 13 14 23 8 17 18 19 20 21 22 31 16 25 26 27 28 29 39 0 24 33 34 35 36 37 30 47 32 41 42 43 44 45 38 46 40 
6 8
1 2 3 4 5 6 15 7 9 10 11 12 13 14 23 8 17 18 19 20 21 22 31 16 25 26 27 28 0 30 39 24 33 34 35 36 29 37 47 32 41 42 43 44 45 38 46 40 
6 8
1 2 3 4 5 6 15 7 9 10 11 12 13 14 23 8 17 18 19 20 21 22 31 16 25 26 27 28 29 30 39 24 33 34 35 36 45 37 47 32 41 42 43 44 0 38 46 40 
6 8
1 2 3 4 5 6 15 7 9 10 11 12 13 14 23 8 17 18 19 20 21 22 31 16 25 26 27 28 29 30 39 24 33 34 35 0 36 37 47 32 41 42 43 44 45 38 46 40 
6 8
1 2 3 4 5 6 15 7 9 10 11 12 13 14 23 8 17 18 19 20 21 22 31 16 25 26 27 28 29 30 0 24 33 34 35 36 37 47 39 32 41 42 43 44 45 38 46 40 
6 8
1 2 3 4 5 6 15 7 9 10 11 12 13 14 23 8 17 18 19 20 21 22 31 16 25 26 27 28 29 30 39 24 33 34 35 36 37 47 46 32 41 42 43 44 45 38 0 40 
6 8
1 2 3 4 5 6 15 7 9 10 11 12 13 14 23 8 17 18 19 20 21 22 31 16 25 26 27 28 29 30 39 24 33 34 35 36 37 47 32 0 41 42 43 44 45 38 46 40 
6 8
1 2 3 4 5 6 15 7 9 10 11 12 13 14 23 8 17 18 19 20 21 22 31 16 25 26 27 28 0 30 39 24 33 34 35 36 29 38 47 32 41 42 43 44 37 45 46 40 
