6 8
1 2 3 4 5 6 15 7 9 10 11 12 13 14 23 8 17 18 19 20 21 22 31 16 25 26 27 28 29 30 0 24 33 34 35 36 37 38 39 32 41 42 43 44 45 46 47 40 
6 8
1 2 3 4 5 6 15 7 9 10 11 12 13 14 23 8 17 18 19 20 21 0 22 16 25 26 27 28 29 30 31 24 33 34 35 36 37 38 39 32 41 42 43 44 45 46 47 40 
6 8
1 2 3 4 5 6 15 7 9 10 11 12 13 14 23 8 17 18 19 20 21 22 16 0 25 26 27 28 29 30 31 24 33 34 35 36 37 38 39 32 41 42 43 44 45 46 47 40 
6 8
1 2 3 4 5 0 15 7 9 10 11 12 13 6 14 8 17 18 19 20 21 22 23 16 25 26 27 28 29 30 31 24 33 34 35 36 37 38 39 32 41 42 43 44 45 46 47 40 
6 8
1 2 3 4 5 6 15 7 9 10 11 12 13 22 14 8 17 18 19 20 21 0 23 16 25 26 27 28 29 30 31 24 33 34 35 36 37 38 39 32 41 42 43 44 45 46 47 40 
6 8
1 2 3 4 5 6 15 7 9 10 11 12 0 13 14 8 17 18 19 20 21 22 23 16 25 26 27 28 29 30 31 24 33 34 35 36 37 38 39 32 41 42 43 44 45 46 47 40 
6 8
1 2 3 4 5 6 15 0 9 10 11 12 13 14 8 7 17 18 19 20 21 22 23 16 25 26 27 28 29 30 31 24 33 34 35 36 37 38 39 32 41 42 43 44 45 46 47 40 
6 8
1 2 3 4 5 6 15 7 9 10 11 12 13 14 8 16 17 18 19 20 21 22 23 0 25 26 27 28 29 30 31 24 33 34 35 36 37 38 39 32 41 42 43 44 45 46 47 40 
6 8
1 2 3 4 5 14 6 7 9 10 11 12 13 22 15 8 17 18 19 20 21 0 23 16 25 26 27 28 29 30 31 24 33 34 35 36 37 38 39 32 41 42 43 44 45 46 47 40 
6 8
1 2 3 4 5 14 6 7 9 10 11 12 0 13 15 8 17 18 19 20 21 22 23 16 25 26 27 28 29 30 31 24 33 34 35 36 37 38 39 32 41 42 43 44 45 46 47 40 
