6 8
1 2 3 4 5 6 0 7 9 10 11 12 13 14 15 8 17 18 19 20 21 22 23 16 25 26 27 28 29 30 31 24 33 34 35 36 37 38 39 32 41 42 43 44 45 46 47 40 
6 8
1 2 3 4 5 6 0 8 9 10 11 12 13 14 7 15 17 18 19 20 21 22 23 16 25 26 27 28 29 30 31 24 33 34 35 36 37 38 39 32 41 42 43 44 45 46 47 40 
6 8
1 2 3 4 5 6 7 8 9 10 11 12 13 14 23 15 17 18 19 20 21 22 0 16 25 26 27 28 29 30 31 24 33 34 35 36 37 38 39 32 41 42 43 44 45 46 47 40 
6 8
1 2 3 4 5 6 7 8 9 10 11 12 13 0 14 15 17 18 19 20 21 22 23 16 25 26 27 28 29 30 31 24 33 34 35 36 37 38 39 32 41 42 43 44 45 46 47 40 
6 8
1 2 3 4 5 6 0 8 9 10 11 12 13 14 7 16 17 18 19 20 21 22 15 23 25 26 27 28 29 30 31 24 33 34 35 36 37 38 39 32 41 42 43 44 45 46 47 40 
6 8
1 2 3 4 5 6 7 8 9 10 11 12 13 0 14 16 17 18 19 20 21 22 15 23 25 26 27 28 29 30 31 24 33 34 35 36 37 38 39 32 41 42 43 44 45 46 47 40 
6 8
1 2 3 4 5 6 7 8 9 10 11 12 13 14 16 0 17 18 19 20 21 22 15 23 25 26 27 28 29 30 31 24 33 34 35 36 37 38 39 32 41 42 43 44 45 46 47 40 
6 8
1 2 3 4 5 6 7 8 9 10 11 12 13 14 15 16 17 18 19 20 21 22 31 23 25 26 27 28 29 30 39 24 33 34 35 36 37 38 0 32 41 42 43 44 45 46 47 40 
6 8
1 2 3 4 5 6 7 8 9 10 11 12 13 14 15 16 17 18 19 20 21 22 31 23 25 26 27 28 29 0 30 24 33 34 35 36 37 38 39 32 41 42 43 44 45 46 47 40 
6 8
1 2 3 4 5 6 7 8 9 10 11 12 13 14 15 16 17 18 19 20 21 22 31 23 25 26 27 28 29 30 24 0 33 34 35 36 37 38 39 32 41 42 43 44 45 46 47 40 
6 8
1 2 3 4 5 6 7 8 9 10 11 12 13 0 15 16 17 18 19 20 21 14 22 23 25 26 27 28 29 30 31 24 33 34 35 36 37 38 39 32 41 42 43 44 45 46 47 40 
6 8
1 2 3 4 5 6 7 8 9 10 11 12 13 14 15 16 17 18 19 20 21 30 22 23 25 26 27 28 29 0 31 24 33 34 35 36 37 38 39 32 41 42 43 44 45 46 47 40 
6 8
1 2 3 4 5 6 7 8 9 10 11 12 13 14 15 16 17 18 19 20 0 21 22 23 25 26 27 28 29 30 31 24 33 34 35 36 37 38 39 32 41 42 43 44 45 46 47 40 
6 8
1 2 3 4 5 6 0 8 9 10 11 12 13 14 7 16 17 18 19 20 21 22 15 24 25 26 27 28 29 30 23 31 33 34 35 36 37 38 39 32 41 42 43 44 45 46 47 40 
6 8
1 2 3 4 5 6 7 8 9 10 11 12 13 0 14 16 17 18 19 20 21 22 15 24 25 26 27 28 29 30 23 31 33 34 35 36 37 38 39 32 41 42 43 44 45 46 47 40 
6 8
1 2 3 4 5 6 7 8 9 10 11 12 13 14 16 0 17 18 19 20 21 22 15 24 25 26 27 28 29 30 23 31 33 34 35 36 37 38 39 32 41 42 43 44 45 46 47 40 
6 8
1 2 3 4 5 6 7 8 9 10 11 12 13 0 15 16 17 18 19 20 21 14 22 24 25 26 27 28 29 30 23 31 33 34 35 36 37 38 39 32 41 42 43 44 45 46 47 40 
6 8
1 2 3 4 5 6 7 8 9 10 11 12 13 14 15 16 17 18 19 20 21 30 22 24 25 26 27 28 29 0 23 31 33 34 35 36 37 38 39 32 41 42 43 44 45 46 47 40 
6 8
1 2 3 4 5 6 7 8 9 10 11 12 13 14 15 16 17 18 19 20 0 21 22 24 25 26 27 28 29 30 23 31 33 34 35 36 37 38 39 32 41 42 43 44 45 46 47 40 
6 8
1 2 3 4 5 6 7 8 9 10 11 12 13 14 15 0 17 18 19 20 21 22 24 16 25 26 27 28 29 30 23 31 33 34 35 36 37 38 39 32 41 42 43 44 45 46 47 40 
6 8
1 2 3 4 5 6 7 8 9 10 11 12 13 14 15 16 17 18 19 20 21 22 24 31 25 26 27 28 29 30 23 0 33 34 35 36 37 38 39 32 41 42 43 44 45 46 47 40 
6 8
1 2 3 4 5 6 7 8 9 10 11 12 13 14 15 16 17 18 19 20 21 22 23 24 25 26 27 28 29 30 39 31 33 34 35 36 37 38 47 32 41 42 43 44 45 0 46 40 
6 8
1 2 3 4 5 6 7 8 9 10 11 12 13 14 15 16 17 18 19 20 21 22 23 24 25 26 27 28 29 30 39 31 33 34 35 36 37 38 47 32 41 42 43 44 45 46 40 0 
6 8
1 2 3 4 5 6 7 8 9 10 11 12 13 14 15 16 17 18 19 20 21 22 23 24 25 26 27 28 29 0 39 31 33 34 35 36 37 30 38 32 41 42 43 44 45 46 47 40 
6 8
1 2 3 4 5 6 7 8 9 10 11 12 13 14 15 16 17 18 19 20 21 22 23 24 25 26 27 28 29 30 39 31 33 34 35 36 37 46 38 32 41 42 43 44 45 0 47 40 
6 8
1 2 3 4 5 6 7 8 9 10 11 12 13 14 15 16 17 18 19 20 21 22 23 24 25 26 27 28 29 30 39 31 33 34 35 36 0 37 38 32 41 42 43 44 45 46 47 40 
6 8
1 2 3 4 5 6 7 8 9 10 11 12 13 14 15 16 17 18 19 20 21 22 23 24 25 26 27 28 29 30 39 0 33 34 35 36 37 38 32 31 41 42 43 44 45 46 47 40 
6 8
1 2 3 4 5 6 7 8 9 10 11 12 13 14 15 16 17 18 19 20 21 22 23 24 25 26 27 28 29 30 39 31 33 34 35 36 37 38 32 40 41 42 43 44 45 46 47 0 
6 8
1 2 3 4 5 6 7 8 9 10 11 12 13 0 15 16 17 18 19 20 21 14 23 24 25 26 27 28 29 22 30 31 33 34 35 36 37 38 39 32 41 42 43 44 45 46 47 40 
6 8
1 2 3 4 5 6 7 8 9 10 11 12 13 14 15 16 17 18 19 20 0 21 23 24 25 26 27 28 29 22 30 31 33 34 35 36 37 38 39 32 41 42 43 44 45 46 47 40 
6 8
1 2 3 4 5 6 7 8 9 10 11 12 13 14 15 16 17 18 19 20 21 23 0 24 25 26 27 28 29 22 30 31 33 34 35 36 37 38 39 32 41 42 43 44 45 46 47 40 
6 8
1 2 3 4 5 6 7 8 9 10 11 12 13 14 15 16 17 18 19 20 21 22 23 24 25 26 27 28 29 38 30 31 33 34 35 36 37 46 39 32 41 42 43 44 45 0 47 40 
6 8
1 2 3 4 5 6 7 8 9 10 11 12 13 14 15 16 17 18 19 20 21 22 23 24 25 26 27 28 29 38 30 31 33 34 35 36 0 37 39 32 41 42 43 44 45 46 47 40 
6 8
1 2 3 4 5 6 7 8 9 10 11 12 13 14 15 16 17 18 19 20 21 22 23 24 25 26 27 28 29 38 30 31 33 34 35 36 37 39 0 32 41 42 43 44 45 46 47 40 
6 8
1 2 3 4 5 6 7 8 9 10 11 12 13 14 15 16 17 18 19 20 0 22 23 24 25 26 27 28 21 29 30 31 33 34 35 36 37 38 39 32 41 42 43 44 45 46 47 40 
6 8
1 2 3 4 5 6 7 8 9 10 11 12 13 14 15 16 17 18 19 20 21 22 23 24 25 26 27 28 37 29 30 31 33 34 35 36 0 38 39 32 41 42 43 44 45 46 47 40 
6 8
1 2 3 4 5 6 7 8 9 10 11 12 13 14 15 16 17 18 19 20 21 22 23 24 25 26 27 0 28 29 30 31 33 34 35 36 37 38 39 32 41 42 43 44 45 46 47 40 
6 8
1 2 3 4 5 6 0 8 9 10 11 12 13 14 7 16 17 18 19 20 21 22 15 24 25 26 27 28 29 30 23 32 33 34 35 36 37 38 31 39 41 42 43 44 45 46 47 40 
6 8
1 2 3 4 5 6 7 8 9 10 11 12 13 0 14 16 17 18 19 20 21 22 15 24 25 26 27 28 29 30 23 32 33 34 35 36 37 38 31 39 41 42 43 44 45 46 47 40 
6 8
1 2 3 4 5 6 7 8 9 10 11 12 13 14 16 0 17 18 19 20 21 22 15 24 25 26 27 28 29 30 23 32 33 34 35 36 37 38 31 39 41 42 43 44 45 46 47 40 
6 8
1 2 3 4 5 6 7 8 9 10 11 12 13 0 15 16 17 18 19 20 21 14 22 24 25 26 27 28 29 30 23 32 33 34 35 36 37 38 31 39 41 42 43 44 45 46 47 40 
6 8
1 2 3 4 5 6 7 8 9 10 11 12 13 14 15 16 17 18 19 20 21 30 22 24 25 26 27 28 29 0 23 32 33 34 35 36 37 38 31 39 41 42 43 44 45 46 47 40 
6 8
1 2 3 4 5 6 7 8 9 10 11 12 13 14 15 16 17 18 19 20 0 21 22 24 25 26 27 28 29 30 23 32 33 34 35 36 37 38 31 39 41 42 43 44 45 46 47 40 
6 8
1 2 3 4 5 6 7 8 9 10 11 12 13 14 15 0 17 18 19 20 21 22 24 16 25 26 27 28 29 30 23 32 33 34 35 36 37 38 31 39 41 42 43 44 45 46 47 40 
6 8
1 2 3 4 5 6 7 8 9 10 11 12 13 14 15 16 17 18 19 20 21 22 24 32 25 26 27 28 29 30 23 0 33 34 35 36 37 38 31 39 41 42 43 44 45 46 47 40 
6 8
1 2 3 4 5 6 7 8 9 10 11 12 13 0 15 16 17 18 19 20 21 14 23 24 25 26 27 28 29 22 30 32 33 34 35 36 37 38 31 39 41 42 43 44 45 46 47 40 
6 8
1 2 3 4 5 6 7 8 9 10 11 12 13 14 15 16 17 18 19 20 0 21 23 24 25 26 27 28 29 22 30 32 33 34 35 36 37 38 31 39 41 42 43 44 45 46 47 40 
6 8
1 2 3 4 5 6 7 8 9 10 11 12 13 14 15 16 17 18 19 20 21 23 0 24 25 26 27 28 29 22 30 32 33 34 35 36 37 38 31 39 41 42 43 44 45 46 47 40 
6 8
1 2 3 4 5 6 7 8 9 10 11 12 13 14 15 16 17 18 19 20 21 22 23 24 25 26 27 28 29 38 30 32 33 34 35 36 37 46 31 39 41 42 43 44 45 0 47 40 
6 8
1 2 3 4 5 6 7 8 9 10 11 12 13 14 15 16 17 18 19 20 21 22 23 24 25 26 27 28 29 38 30 32 33 34 35 36 0 37 31 39 41 42 43 44 45 46 47 40 
6 8
1 2 3 4 5 6 7 8 9 10 11 12 13 14 15 16 17 18 19 20 21 22 23 24 25 26 27 28 29 38 30 32 33 34 35 36 37 31 0 39 41 42 43 44 45 46 47 40 
6 8
1 2 3 4 5 6 7 8 9 10 11 12 13 14 15 16 17 18 19 20 0 22 23 24 25 26 27 28 21 29 30 32 33 34 35 36 37 38 31 39 41 42 43 44 45 46 47 40 
6 8
1 2 3 4 5 6 7 8 9 10 11 12 13 14 15 16 17 18 19 20 21 22 23 24 25 26 27 28 37 29 30 32 33 34 35 36 0 38 31 39 41 42 43 44 45 46 47 40 
6 8
1 2 3 4 5 6 7 8 9 10 11 12 13 14 15 16 17 18 19 20 21 22 23 24 25 26 27 0 28 29 30 32 33 34 35 36 37 38 31 39 41 42 43 44 45 46 47 40 
6 8
1 2 3 4 5 6 7 8 9 10 11 12 13 14 15 0 17 18 19 20 21 22 23 16 25 26 27 28 29 30 32 24 33 34 35 36 37 38 31 39 41 42 43 44 45 46 47 40 
6 8
1 2 3 4 5 6 7 8 9 10 11 12 13 14 15 16 17 18 19 20 21 22 0 23 25 26 27 28 29 30 32 24 33 34 35 36 37 38 31 39 41 42 43 44 45 46 47 40 
6 8
1 2 3 4 5 6 7 8 9 10 11 12 13 14 15 16 17 18 19 20 21 22 23 24 25 26 27 28 29 30 32 39 33 34 35 36 37 38 31 40 41 42 43 44 45 46 47 0 
6 8
1 2 3 4 5 6 7 8 9 10 11 12 13 14 15 16 17 18 19 20 21 22 23 24 25 26 27 28 29 30 32 39 33 34 35 36 37 38 0 31 41 42 43 44 45 46 47 40 
6 8
1 2 3 4 5 6 7 8 9 10 11 12 13 14 15 16 17 18 19 20 21 22 23 24 25 26 27 28 29 0 31 32 33 34 35 36 37 30 47 39 41 42 43 44 45 38 46 40 
6 8
1 2 3 4 5 6 7 8 9 10 11 12 13 14 15 16 17 18 19 20 21 22 23 24 25 26 27 28 29 30 31 32 33 34 35 36 0 37 47 39 41 42 43 44 45 38 46 40 
6 8
1 2 3 4 5 6 7 8 9 10 11 12 13 14 15 16 17 18 19 20 21 22 23 24 25 26 27 28 29 30 31 32 33 34 35 36 37 47 0 39 41 42 43 44 45 38 46 40 
6 8
1 2 3 4 5 6 7 8 9 10 11 12 13 14 15 16 17 18 19 20 21 22 23 24 25 26 27 28 29 30 31 32 33 34 35 36 0 38 47 39 41 42 43 44 37 45 46 40 
6 8
1 2 3 4 5 6 7 8 9 10 11 12 13 14 15 16 17 18 19 20 21 22 23 24 25 26 27 28 29 30 31 32 33 34 35 36 37 38 47 39 41 42 43 0 44 45 46 40 
6 8
1 2 3 4 5 6 7 8 9 10 11 12 13 14 15 16 17 18 19 20 21 22 23 24 25 26 27 28 29 30 31 0 33 34 35 36 37 38 47 32 41 42 43 44 45 46 40 39 
6 8
1 2 3 4 5 6 7 8 9 10 11 12 13 14 15 16 17 18 19 20 21 22 23 24 25 26 27 28 29 30 31 32 33 34 35 36 37 38 0 47 41 42 43 44 45 46 40 39 
6 8
1 2 3 4 5 6 7 8 9 10 11 12 13 0 15 16 17 18 19 20 21 14 23 24 25 26 27 28 29 22 31 32 33 34 35 36 37 30 38 39 41 42 43 44 45 46 47 40 
6 8
1 2 3 4 5 6 7 8 9 10 11 12 13 14 15 16 17 18 19 20 0 21 23 24 25 26 27 28 29 22 31 32 33 34 35 36 37 30 38 39 41 42 43 44 45 46 47 40 
6 8
1 2 3 4 5 6 7 8 9 10 11 12 13 14 15 16 17 18 19 20 21 23 0 24 25 26 27 28 29 22 31 32 33 34 35 36 37 30 38 39 41 42 43 44 45 46 47 40 
6 8
1 2 3 4 5 6 7 8 9 10 11 12 13 14 15 16 17 18 19 20 0 22 23 24 25 26 27 28 21 29 31 32 33 34 35 36 37 30 38 39 41 42 43 44 45 46 47 40 
6 8
1 2 3 4 5 6 7 8 9 10 11 12 13 14 15 16 17 18 19 20 21 22 23 24 25 26 27 28 37 29 31 32 33 34 35 36 0 30 38 39 41 42 43 44 45 46 47 40 
6 8
1 2 3 4 5 6 7 8 9 10 11 12 13 14 15 16 17 18 19 20 21 22 23 24 25 26 27 0 28 29 31 32 33 34 35 36 37 30 38 39 41 42 43 44 45 46 47 40 
6 8
1 2 3 4 5 6 7 8 9 10 11 12 13 14 15 16 17 18 19 20 21 22 0 24 25 26 27 28 29 31 23 32 33 34 35 36 37 30 38 39 41 42 43 44 45 46 47 40 
6 8
1 2 3 4 5 6 7 8 9 10 11 12 13 14 15 16 17 18 19 20 21 22 23 24 25 26 27 28 29 31 38 32 33 34 35 36 37 30 0 39 41 42 43 44 45 46 47 40 
6 8
1 2 3 4 5 6 7 8 9 10 11 12 13 14 15 16 17 18 19 20 21 22 23 24 25 26 27 28 29 31 32 0 33 34 35 36 37 30 38 39 41 42 43 44 45 46 47 40 
6 8
1 2 3 4 5 6 7 8 9 10 11 12 13 14 15 16 17 18 19 20 21 22 23 24 25 26 27 28 29 30 31 32 33 34 35 36 0 46 38 39 41 42 43 44 37 45 47 40 
6 8
1 2 3 4 5 6 7 8 9 10 11 12 13 14 15 16 17 18 19 20 21 22 23 24 25 26 27 28 29 30 31 32 33 34 35 36 37 46 38 39 41 42 43 0 44 45 47 40 
6 8
1 2 3 4 5 6 7 8 9 10 11 12 13 14 15 16 17 18 19 20 21 22 23 24 25 26 27 28 29 30 31 32 33 34 35 36 37 46 0 39 41 42 43 44 45 47 38 40 
6 8
1 2 3 4 5 6 7 8 9 10 11 12 13 14 15 16 17 18 19 20 21 22 23 24 25 26 27 28 29 30 31 32 33 34 35 36 37 46 38 39 41 42 43 44 45 47 40 0 
6 8
1 2 3 4 5 6 7 8 9 10 11 12 13 14 15 16 17 18 19 20 0 22 23 24 25 26 27 28 21 30 31 32 33 34 35 36 29 37 38 39 41 42 43 44 45 46 47 40 
6 8
1 2 3 4 5 6 7 8 9 10 11 12 13 14 15 16 17 18 19 20 21 22 23 24 25 26 27 0 28 30 31 32 33 34 35 36 29 37 38 39 41 42 43 44 45 46 47 40 
6 8
1 2 3 4 5 6 7 8 9 10 11 12 13 14 15 16 17 18 19 20 21 22 23 24 25 26 27 28 30 0 31 32 33 34 35 36 29 37 38 39 41 42 43 44 45 46 47 40 
6 8
1 2 3 4 5 6 7 8 9 10 11 12 13 14 15 16 17 18 19 20 21 22 23 24 25 26 27 28 29 30 31 32 33 34 35 36 45 37 38 39 41 42 43 0 44 46 47 40 
6 8
1 2 3 4 5 6 7 8 9 10 11 12 13 14 15 16 17 18 19 20 21 22 23 24 25 26 27 28 29 30 31 32 33 34 35 36 45 37 38 39 41 42 43 44 46 0 47 40 
6 8
1 2 3 4 5 6 7 8 9 10 11 12 13 14 15 16 17 18 19 20 21 22 23 24 25 26 27 0 29 30 31 32 33 34 35 28 36 37 38 39 41 42 43 44 45 46 47 40 
6 8
1 2 3 4 5 6 7 8 9 10 11 12 13 14 15 16 17 18 19 20 21 22 23 24 25 26 27 28 29 30 31 32 33 34 35 44 36 37 38 39 41 42 43 0 45 46 47 40 
6 8
1 2 3 4 5 6 7 8 9 10 11 12 13 14 15 16 17 18 19 20 21 22 23 24 25 26 27 28 29 30 31 32 33 34 0 35 36 37 38 39 41 42 43 44 45 46 47 40 
6 8
1 2 3 4 5 6 0 8 9 10 11 12 13 14 7 16 17 18 19 20 21 22 15 24 25 26 27 28 29 30 23 32 33 34 35 36 37 38 31 40 41 42 43 44 45 46 39 47 
6 8
1 2 3 4 5 6 7 8 9 10 11 12 13 0 14 16 17 18 19 20 21 22 15 24 25 26 27 28 29 30 23 32 33 34 35 36 37 38 31 40 41 42 43 44 45 46 39 47 
6 8
1 2 3 4 5 6 7 8 9 10 11 12 13 14 16 0 17 18 19 20 21 22 15 24 25 26 27 28 29 30 23 32 33 34 35 36 37 38 31 40 41 42 43 44 45 46 39 47 
6 8
1 2 3 4 5 6 7 8 9 10 11 12 13 0 15 16 17 18 19 20 21 14 22 24 25 26 27 28 29 30 23 32 33 34 35 36 37 38 31 40 41 42 43 44 45 46 39 47 
6 8
1 2 3 4 5 6 7 8 9 10 11 12 13 14 15 16 17 18 19 20 21 30 22 24 25 26 27 28 29 0 23 32 33 34 35 36 37 38 31 40 41 42 43 44 45 46 39 47 
6 8
1 2 3 4 5 6 7 8 9 10 11 12 13 14 15 16 17 18 19 20 0 21 22 24 25 26 27 28 29 30 23 32 33 34 35 36 37 38 31 40 41 42 43 44 45 46 39 47 
6 8
1 2 3 4 5 6 7 8 9 10 11 12 13 14 15 0 17 18 19 20 21 22 24 16 25 26 27 28 29 30 23 32 33 34 35 36 37 38 31 40 41 42 43 44 45 46 39 47 
6 8
1 2 3 4 5 6 7 8 9 10 11 12 13 14 15 16 17 18 19 20 21 22 24 32 25 26 27 28 29 30 23 0 33 34 35 36 37 38 31 40 41 42 43 44 45 46 39 47 
6 8
1 2 3 4 5 6 7 8 9 10 11 12 13 0 15 16 17 18 19 20 21 14 23 24 25 26 27 28 29 22 30 32 33 34 35 36 37 38 31 40 41 42 43 44 45 46 39 47 
6 8
1 2 3 4 5 6 7 8 9 10 11 12 13 14 15 16 17 18 19 20 0 21 23 24 25 26 27 28 29 22 30 32 33 34 35 36 37 38 31 40 41 42 43 44 45 46 39 47 
6 8
1 2 3 4 5 6 7 8 9 10 11 12 13 14 15 16 17 18 19 20 21 23 0 24 25 26 27 28 29 22 30 32 33 34 35 36 37 38 31 40 41 42 43 44 45 46 39 47 
6 8
1 2 3 4 5 6 7 8 9 10 11 12 13 14 15 16 17 18 19 20 21 22 23 24 25 26 27 28 29 38 30 32 33 34 35 36 37 46 31 40 41 42 43 44 45 0 39 47 
6 8
1 2 3 4 5 6 7 8 9 10 11 12 13 14 15 16 17 18 19 20 21 22 23 24 25 26 27 28 29 38 30 32 33 34 35 36 0 37 31 40 41 42 43 44 45 46 39 47 
6 8
1 2 3 4 5 6 7 8 9 10 11 12 13 14 15 16 17 18 19 20 21 22 23 24 25 26 27 28 29 38 30 32 33 34 35 36 37 31 0 40 41 42 43 44 45 46 39 47 
6 8
1 2 3 4 5 6 7 8 9 10 11 12 13 14 15 16 17 18 19 20 0 22 23 24 25 26 27 28 21 29 30 32 33 34 35 36 37 38 31 40 41 42 43 44 45 46 39 47 
6 8
1 2 3 4 5 6 7 8 9 10 11 12 13 14 15 16 17 18 19 20 21 22 23 24 25 26 27 28 37 29 30 32 33 34 35 36 0 38 31 40 41 42 43 44 45 46 39 47 
6 8
1 2 3 4 5 6 7 8 9 10 11 12 13 14 15 16 17 18 19 20 21 22 23 24 25 26 27 0 28 29 30 32 33 34 35 36 37 38 31 40 41 42 43 44 45 46 39 47 
6 8
1 2 3 4 5 6 7 8 9 10 11 12 13 14 15 0 17 18 19 20 21 22 23 16 25 26 27 28 29 30 32 24 33 34 35 36 37 38 31 40 41 42 43 44 45 46 39 47 
6 8
1 2 3 4 5 6 7 8 9 10 11 12 13 14 15 16 17 18 19 20 21 22 0 23 25 26 27 28 29 30 32 24 33 34 35 36 37 38 31 40 41 42 43 44 45 46 39 47 
6 8
1 2 3 4 5 6 7 8 9 10 11 12 13 14 15 16 17 18 19 20 21 22 23 24 25 26 27 28 29 30 32 40 33 34 35 36 37 38 31 47 41 42 43 44 45 46 39 0 
6 8
1 2 3 4 5 6 7 8 9 10 11 12 13 14 15 16 17 18 19 20 21 22 23 24 25 26 27 28 29 30 32 40 33 34 35 36 37 38 0 31 41 42 43 44 45 46 39 47 
6 8
1 2 3 4 5 6 7 8 9 10 11 12 13 0 15 16 17 18 19 20 21 14 23 24 25 26 27 28 29 22 31 32 33 34 35 36 37 30 38 40 41 42 43 44 45 46 39 47 
6 8
1 2 3 4 5 6 7 8 9 10 11 12 13 14 15 16 17 18 19 20 0 21 23 24 25 26 27 28 29 22 31 32 33 34 35 36 37 30 38 40 41 42 43 44 45 46 39 47 
6 8
1 2 3 4 5 6 7 8 9 10 11 12 13 14 15 16 17 18 19 20 21 23 0 24 25 26 27 28 29 22 31 32 33 34 35 36 37 30 38 40 41 42 43 44 45 46 39 47 
6 8
1 2 3 4 5 6 7 8 9 10 11 12 13 14 15 16 17 18 19 20 0 22 23 24 25 26 27 28 21 29 31 32 33 34 35 36 37 30 38 40 41 42 43 44 45 46 39 47 
6 8
1 2 3 4 5 6 7 8 9 10 11 12 13 14 15 16 17 18 19 20 21 22 23 24 25 26 27 28 37 29 31 32 33 34 35 36 0 30 38 40 41 42 43 44 45 46 39 47 
6 8
1 2 3 4 5 6 7 8 9 10 11 12 13 14 15 16 17 18 19 20 21 22 23 24 25 26 27 0 28 29 31 32 33 34 35 36 37 30 38 40 41 42 43 44 45 46 39 47 
6 8
1 2 3 4 5 6 7 8 9 10 11 12 13 14 15 16 17 18 19 20 21 22 0 24 25 26 27 28 29 31 23 32 33 34 35 36 37 30 38 40 41 42 43 44 45 46 39 47 
6 8
1 2 3 4 5 6 7 8 9 10 11 12 13 14 15 16 17 18 19 20 21 22 23 24 25 26 27 28 29 31 38 32 33 34 35 36 37 30 0 40 41 42 43 44 45 46 39 47 
6 8
1 2 3 4 5 6 7 8 9 10 11 12 13 14 15 16 17 18 19 20 21 22 23 24 25 26 27 28 29 31 32 0 33 34 35 36 37 30 38 40 41 42 43 44 45 46 39 47 
6 8
1 2 3 4 5 6 7 8 9 10 11 12 13 14 15 16 17 18 19 20 21 22 23 24 25 26 27 28 29 30 31 32 33 34 35 36 0 46 38 40 41 42 43 44 37 45 39 47 
6 8
1 2 3 4 5 6 7 8 9 10 11 12 13 14 15 16 17 18 19 20 21 22 23 24 25 26 27 28 29 30 31 32 33 34 35 36 37 46 38 40 41 42 43 0 44 45 39 47 
6 8
1 2 3 4 5 6 7 8 9 10 11 12 13 14 15 16 17 18 19 20 21 22 23 24 25 26 27 28 29 30 31 32 33 34 35 36 37 46 0 40 41 42 43 44 45 39 38 47 
6 8
1 2 3 4 5 6 7 8 9 10 11 12 13 14 15 16 17 18 19 20 21 22 23 24 25 26 27 28 29 30 31 32 33 34 35 36 37 46 38 40 41 42 43 44 45 39 47 0 
6 8
1 2 3 4 5 6 7 8 9 10 11 12 13 14 15 16 17 18 19 20 0 22 23 24 25 26 27 28 21 30 31 32 33 34 35 36 29 37 38 40 41 42 43 44 45 46 39 47 
6 8
1 2 3 4 5 6 7 8 9 10 11 12 13 14 15 16 17 18 19 20 21 22 23 24 25 26 27 0 28 30 31 32 33 34 35 36 29 37 38 40 41 42 43 44 45 46 39 47 
6 8
1 2 3 4 5 6 7 8 9 10 11 12 13 14 15 16 17 18 19 20 21 22 23 24 25 26 27 28 30 0 31 32 33 34 35 36 29 37 38 40 41 42 43 44 45 46 39 47 
6 8
1 2 3 4 5 6 7 8 9 10 11 12 13 14 15 16 17 18 19 20 21 22 23 24 25 26 27 28 29 30 31 32 33 34 35 36 45 37 38 40 41 42 43 0 44 46 39 47 
6 8
1 2 3 4 5 6 7 8 9 10 11 12 13 14 15 16 17 18 19 20 21 22 23 24 25 26 27 28 29 30 31 32 33 34 35 36 45 37 38 40 41 42 43 44 46 0 39 47 
6 8
1 2 3 4 5 6 7 8 9 10 11 12 13 14 15 16 17 18 19 20 21 22 23 24 25 26 27 0 29 30 31 32 33 34 35 28 36 37 38 40 41 42 43 44 45 46 39 47 
6 8
1 2 3 4 5 6 7 8 9 10 11 12 13 14 15 16 17 18 19 20 21 22 23 24 25 26 27 28 29 30 31 32 33 34 35 44 36 37 38 40 41 42 43 0 45 46 39 47 
6 8
1 2 3 4 5 6 7 8 9 10 11 12 13 14 15 16 17 18 19 20 21 22 23 24 25 26 27 28 29 30 31 32 33 34 0 35 36 37 38 40 41 42 43 44 45 46 39 47 
6 8
1 2 3 4 5 6 7 8 9 10 11 12 13 14 15 0 17 18 19 20 21 22 23 16 25 26 27 28 29 30 31 24 33 34 35 36 37 38 40 32 41 42 43 44 45 46 39 47 
6 8
1 2 3 4 5 6 7 8 9 10 11 12 13 14 15 16 17 18 19 20 21 22 0 23 25 26 27 28 29 30 31 24 33 34 35 36 37 38 40 32 41 42 43 44 45 46 39 47 
6 8
1 2 3 4 5 6 7 8 9 10 11 12 13 14 15 16 17 18 19 20 21 22 0 24 25 26 27 28 29 30 23 31 33 34 35 36 37 38 40 32 41 42 43 44 45 46 39 47 
6 8
1 2 3 4 5 6 7 8 9 10 11 12 13 14 15 16 17 18 19 20 21 22 23 24 25 26 27 28 29 30 40 31 33 34 35 36 37 38 0 32 41 42 43 44 45 46 39 47 
6 8
1 2 3 4 5 6 7 8 9 10 11 12 13 14 15 16 17 18 19 20 21 22 23 24 25 26 27 28 29 0 30 31 33 34 35 36 37 38 40 32 41 42 43 44 45 46 39 47 
6 8
1 2 3 4 5 6 7 8 9 10 11 12 13 14 15 16 17 18 19 20 21 22 23 24 25 26 27 28 29 30 31 32 33 34 35 36 37 38 0 47 41 42 43 44 45 46 40 39 
6 8
1 2 3 4 5 6 7 8 9 10 11 12 13 14 15 16 17 18 19 20 21 22 23 24 25 26 27 28 29 30 31 32 33 34 35 36 37 38 40 47 41 42 43 44 45 0 46 39 
6 8
1 2 3 4 5 6 7 8 9 10 11 12 13 0 15 16 17 18 19 20 21 14 23 24 25 26 27 28 29 22 31 32 33 34 35 36 37 30 39 40 41 42 43 44 45 38 46 47 
6 8
1 2 3 4 5 6 7 8 9 10 11 12 13 14 15 16 17 18 19 20 0 21 23 24 25 26 27 28 29 22 31 32 33 34 35 36 37 30 39 40 41 42 43 44 45 38 46 47 
6 8
1 2 3 4 5 6 7 8 9 10 11 12 13 14 15 16 17 18 19 20 21 23 0 24 25 26 27 28 29 22 31 32 33 34 35 36 37 30 39 40 41 42 43 44 45 38 46 47 
6 8
1 2 3 4 5 6 7 8 9 10 11 12 13 14 15 16 17 18 19 20 0 22 23 24 25 26 27 28 21 29 31 32 33 34 35 36 37 30 39 40 41 42 43 44 45 38 46 47 
6 8
1 2 3 4 5 6 7 8 9 10 11 12 13 14 15 16 17 18 19 20 21 22 23 24 25 26 27 28 37 29 31 32 33 34 35 36 0 30 39 40 41 42 43 44 45 38 46 47 
6 8
1 2 3 4 5 6 7 8 9 10 11 12 13 14 15 16 17 18 19 20 21 22 23 24 25 26 27 0 28 29 31 32 33 34 35 36 37 30 39 40 41 42 43 44 45 38 46 47 
6 8
1 2 3 4 5 6 7 8 9 10 11 12 13 14 15 16 17 18 19 20 21 22 0 24 25 26 27 28 29 31 23 32 33 34 35 36 37 30 39 40 41 42 43 44 45 38 46 47 
6 8
1 2 3 4 5 6 7 8 9 10 11 12 13 14 15 16 17 18 19 20 21 22 23 24 25 26 27 28 29 31 39 32 33 34 35 36 37 30 0 40 41 42 43 44 45 38 46 47 
6 8
1 2 3 4 5 6 7 8 9 10 11 12 13 14 15 16 17 18 19 20 21 22 23 24 25 26 27 28 29 31 32 0 33 34 35 36 37 30 39 40 41 42 43 44 45 38 46 47 
6 8
1 2 3 4 5 6 7 8 9 10 11 12 13 14 15 16 17 18 19 20 0 22 23 24 25 26 27 28 21 30 31 32 33 34 35 36 29 37 39 40 41 42 43 44 45 38 46 47 
6 8
1 2 3 4 5 6 7 8 9 10 11 12 13 14 15 16 17 18 19 20 21 22 23 24 25 26 27 0 28 30 31 32 33 34 35 36 29 37 39 40 41 42 43 44 45 38 46 47 
6 8
1 2 3 4 5 6 7 8 9 10 11 12 13 14 15 16 17 18 19 20 21 22 23 24 25 26 27 28 30 0 31 32 33 34 35 36 29 37 39 40 41 42 43 44 45 38 46 47 
6 8
1 2 3 4 5 6 7 8 9 10 11 12 13 14 15 16 17 18 19 20 21 22 23 24 25 26 27 28 29 30 31 32 33 34 35 36 45 37 39 40 41 42 43 0 44 38 46 47 
6 8
1 2 3 4 5 6 7 8 9 10 11 12 13 14 15 16 17 18 19 20 21 22 23 24 25 26 27 28 29 30 31 32 33 34 35 36 45 37 39 40 41 42 43 44 38 0 46 47 
6 8
1 2 3 4 5 6 7 8 9 10 11 12 13 14 15 16 17 18 19 20 21 22 23 24 25 26 27 0 29 30 31 32 33 34 35 28 36 37 39 40 41 42 43 44 45 38 46 47 
6 8
1 2 3 4 5 6 7 8 9 10 11 12 13 14 15 16 17 18 19 20 21 22 23 24 25 26 27 28 29 30 31 32 33 34 35 44 36 37 39 40 41 42 43 0 45 38 46 47 
6 8
1 2 3 4 5 6 7 8 9 10 11 12 13 14 15 16 17 18 19 20 21 22 23 24 25 26 27 28 29 30 31 32 33 34 0 35 36 37 39 40 41 42 43 44 45 38 46 47 
6 8
1 2 3 4 5 6 7 8 9 10 11 12 13 14 15 16 17 18 19 20 21 22 0 24 25 26 27 28 29 30 23 32 33 34 35 36 37 39 31 40 41 42 43 44 45 38 46 47 
6 8
1 2 3 4 5 6 7 8 9 10 11 12 13 14 15 16 17 18 19 20 21 22 23 24 25 26 27 28 29 0 30 32 33 34 35 36 37 39 31 40 41 42 43 44 45 38 46 47 
6 8
1 2 3 4 5 6 7 8 9 10 11 12 13 14 15 16 17 18 19 20 21 22 23 24 25 26 27 28 29 30 32 0 33 34 35 36 37 39 31 40 41 42 43 44 45 38 46 47 
6 8
1 2 3 4 5 6 7 8 9 10 11 12 13 14 15 16 17 18 19 20 21 22 23 24 25 26 27 28 29 30 31 32 33 34 35 36 37 39 46 40 41 42 43 44 45 0 38 47 
6 8
1 2 3 4 5 6 7 8 9 10 11 12 13 14 15 16 17 18 19 20 21 22 23 24 25 26 27 28 29 30 31 32 33 34 35 36 37 39 46 40 41 42 43 44 45 38 47 0 
6 8
1 2 3 4 5 6 7 8 9 10 11 12 13 14 15 16 17 18 19 20 21 22 23 24 25 26 27 28 29 30 31 0 33 34 35 36 37 39 40 32 41 42 43 44 45 38 46 47 
6 8
1 2 3 4 5 6 7 8 9 10 11 12 13 14 15 16 17 18 19 20 21 22 23 24 25 26 27 28 29 30 31 32 33 34 35 36 37 39 40 47 41 42 43 44 45 38 46 0 
6 8
1 2 3 4 5 6 7 8 9 10 11 12 13 14 15 16 17 18 19 20 0 22 23 24 25 26 27 28 21 30 31 32 33 34 35 36 29 38 39 40 41 42 43 44 37 45 46 47 
6 8
1 2 3 4 5 6 7 8 9 10 11 12 13 14 15 16 17 18 19 20 21 22 23 24 25 26 27 0 28 30 31 32 33 34 35 36 29 38 39 40 41 42 43 44 37 45 46 47 
6 8
1 2 3 4 5 6 7 8 9 10 11 12 13 14 15 16 17 18 19 20 21 22 23 24 25 26 27 28 30 0 31 32 33 34 35 36 29 38 39 40 41 42 43 44 37 45 46 47 
6 8
1 2 3 4 5 6 7 8 9 10 11 12 13 14 15 16 17 18 19 20 21 22 23 24 25 26 27 0 29 30 31 32 33 34 35 28 36 38 39 40 41 42 43 44 37 45 46 47 
6 8
1 2 3 4 5 6 7 8 9 10 11 12 13 14 15 16 17 18 19 20 21 22 23 24 25 26 27 28 29 30 31 32 33 34 35 44 36 38 39 40 41 42 43 0 37 45 46 47 
6 8
1 2 3 4 5 6 7 8 9 10 11 12 13 14 15 16 17 18 19 20 21 22 23 24 25 26 27 28 29 30 31 32 33 34 0 35 36 38 39 40 41 42 43 44 37 45 46 47 
6 8
1 2 3 4 5 6 7 8 9 10 11 12 13 14 15 16 17 18 19 20 21 22 23 24 25 26 27 28 29 0 31 32 33 34 35 36 38 30 39 40 41 42 43 44 37 45 46 47 
6 8
1 2 3 4 5 6 7 8 9 10 11 12 13 14 15 16 17 18 19 20 21 22 23 24 25 26 27 28 29 30 31 32 33 34 35 36 38 45 39 40 41 42 43 44 37 0 46 47 
6 8
1 2 3 4 5 6 7 8 9 10 11 12 13 14 15 16 17 18 19 20 21 22 23 24 25 26 27 28 29 30 31 32 33 34 35 36 38 39 0 40 41 42 43 44 37 45 46 47 
6 8
1 2 3 4 5 6 7 8 9 10 11 12 13 14 15 16 17 18 19 20 21 22 23 24 25 26 27 0 29 30 31 32 33 34 35 28 37 38 39 40 41 42 43 36 44 45 46 47 
6 8
1 2 3 4 5 6 7 8 9 10 11 12 13 14 15 16 17 18 19 20 21 22 23 24 25 26 27 28 29 30 31 32 33 34 0 35 37 38 39 40 41 42 43 36 44 45 46 47 
6 8
1 2 3 4 5 6 7 8 9 10 11 12 13 14 15 16 17 18 19 20 21 22 23 24 25 26 27 28 29 30 31 32 33 34 35 37 0 38 39 40 41 42 43 36 44 45 46 47 
6 8
1 2 3 4 5 6 7 8 9 10 11 12 13 14 15 16 17 18 19 20 21 22 23 24 25 26 27 28 29 30 31 32 33 34 0 36 37 38 39 40 41 42 35 43 44 45 46 47 
6 8
1 2 3 4 5 6 7 8 9 10 11 12 13 14 15 16 17 18 19 20 21 22 23 24 25 26 27 28 29 30 31 32 33 34 35 36 37 38 39 40 41 0 42 43 44 45 46 47 
