6 8
1 2 3 4 5 6 15 7 9 10 11 12 13 14 23 8 17 18 19 20 21 22 31 16 25 26 27 28 29 30 39 24 33 34 35 36 37 0 47 32 41 42 43 44 45 38 46 40 
6 8
1 2 3 4 5 6 15 7 9 10 11 12 13 14 23 8 17 18 19 20 21 22 31 16 25 26 27 28 29 30 39 24 33 34 35 36 37 38 47 32 41 42 43 44 0 45 46 40 
6 8
1 2 3 4 5 6 15 7 9 10 11 12 13 14 23 8 17 18 19 20 21 22 31 16 25 26 27 28 29 30 39 24 33 34 35 36 37 38 47 0 41 42 43 44 45 46 40 32 
6 8
1 2 3 4 5 6 15 7 9 10 11 12 13 14 23 8 17 18 19 20 21 0 31 16 25 26 27 28 29 22 39 24 33 34 35 36 37 30 38 32 41 42 43 44 45 46 47 40 
6 8
1 2 3 4 5 6 15 7 9 10 11 12 13 14 23 8 17 18 19 20 21 22 31 16 25 26 27 28 0 29 39 24 33 34 35 36 37 30 38 32 41 42 43 44 45 46 47 40 
6 8
1 2 3 4 5 6 15 7 9 10 11 12 13 14 23 8 17 18 19 20 21 22 31 16 25 26 27 28 29 39 0 24 33 34 35 36 37 30 38 32 41 42 43 44 45 46 47 40 
6 8
1 2 3 4 5 6 15 7 9 10 11 12 13 14 23 8 17 18 19 20 21 22 31 16 25 26 27 28 29 30 39 24 33 34 35 36 37 46 38 32 41 42 43 44 0 45 47 40 
6 8
1 2 3 4 5 6 15 7 9 10 11 12 13 14 23 8 17 18 19 20 21 22 31 16 25 26 27 28 29 30 39 24 33 34 35 36 37 46 38 32 41 42 43 44 45 47 0 40 
6 8
1 2 3 4 5 6 15 7 9 10 11 12 13 14 23 8 17 18 19 20 21 22 31 16 25 26 27 28 0 30 39 24 33 34 35 36 29 37 38 32 41 42 43 44 45 46 47 40 
6 8
1 2 3 4 5 6 15 7 9 10 11 12 13 14 23 8 17 18 19 20 21 22 31 16 25 26 27 28 29 30 39 24 33 34 35 36 45 37 38 32 41 42 43 44 0 46 47 40 
